100 4950 12
45 50 201
55 98 560
16 30 887
5 40 784
12 79 965
63 79 392
56 71 732
69 85 868
48 88 863
21 29 427
59 76 1000
18 52 554
62 92 643
20 23 194
37 69 792
81 83 844
60 74 571
70 91 278
56 59 746
33 45 664
5 84 926
52 80 947
52 99 589
25 75 666
56 68 583
1 79 689
82 96 194
21 67 310
77 94 293
50 79 449
13 93 522
28 31 547
58 62 570
83 87 110
20 31 392
9 53 992
1 64 88
70 72 905
22 40 199
38 90 246
2 12 872
5 24 832
26 59 966
14 85 459
51 81 306
27 59 227
0 38 125
60 99 125
6 81 830
67 88 855
76 99 797
49 56 223
53 72 366
48 77 85
17 39 872
27 40 235
62 65 278
46 71 526
59 73 555
32 78 228
29 90 153
75 95 353
9 88 168
5 19 738
81 91 913
55 85 572
13 62 964
2 6 299
45 75 809
42 65 660
14 77 600
33 66 904
82 98 441
49 54 685
29 32 160
34 53 437
3 34 488
15 73 202
55 65 878
11 42 375
31 64 111
59 64 453
17 87 589
14 18 523
16 66 422
36 62 239
40 43 745
2 40 458
44 89 573
43 60 819
41 55 994
53 71 263
34 66 443
30 37 257
21 69 845
0 17 234
52 55 759
0 69 953
25 64 848
58 66 260
90 94 693
32 44 511
25 89 745
37 79 224
81 84 216
35 75 826
29 55 646
22 81 301
21 38 250
73 76 859
55 63 790
28 55 706
61 96 205
19 36 112
5 9 818
38 72 682
31 52 752
50 84 271
22 30 935
34 35 516
6 92 969
84 92 271
50 65 214
62 90 793
24 30 899
20 99 503
22 41 383
51 58 708
36 63 410
17 79 393
54 94 996
50 68 747
3 58 844
64 99 377
13 94 157
0 23 185
9 94 602
4 80 353
10 87 311
7 55 625
20 22 724
8 59 696
36 53 599
2 95 286
8 91 938
56 82 461
9 67 892
58 83 536
11 37 548
9 51 389
64 70 444
13 55 488
34 47 232
20 54 374
37 65 824
3 39 105
10 92 696
77 83 778
25 69 348
84 95 548
32 89 678
17 71 591
0 89 949
29 34 328
34 86 435
14 61 134
45 79 913
12 84 295
14 94 694
0 84 698
22 95 727
3 90 343
12 61 610
12 74 852
45 53 540
15 70 124
90 95 889
54 98 698
10 73 478
51 52 206
11 93 791
5 75 622
33 59 445
6 60 808
77 98 920
70 82 850
55 71 998
27 75 311
37 89 699
22 35 994
35 45 108
26 60 206
2 24 160
38 50 190
5 16 447
7 35 161
51 96 53
7 14 198
12 18 725
3 53 796
82 91 931
24 33 113
26 89 105
3 60 634
4 99 215
64 67 954
9 36 660
63 66 514
10 52 631
48 61 464
42 63 299
3 31 888
53 58 711
54 84 372
35 39 713
57 68 753
40 47 960
29 96 996
36 86 528
21 33 645
43 80 521
0 91 847
46 55 426
57 73 752
2 74 182
69 74 156
11 19 558
7 49 868
17 69 877
22 87 891
45 91 237
75 96 783
10 77 625
35 80 387
1 78 212
71 98 870
36 87 831
13 60 738
39 79 145
73 95 81
27 45 439
25 50 934
6 31 527
18 84 261
19 67 748
1 86 276
57 90 913
10 54 800
14 68 971
14 57 547
6 18 913
50 70 419
51 79 691
35 57 142
35 91 829
7 66 162
17 24 117
47 77 355
25 70 968
23 44 703
34 37 488
60 83 540
32 60 172
74 99 758
54 76 782
50 94 986
30 91 162
16 60 981
25 88 496
21 31 705
19 62 82
43 81 466
71 90 90
21 34 526
23 59 267
2 36 293
0 25 279
18 36 630
74 97 222
59 77 668
21 80 673
39 90 297
45 58 615
65 93 141
40 74 492
71 97 921
21 58 114
72 74 409
23 47 661
47 59 993
18 89 694
14 47 82
31 87 356
10 40 789
11 74 801
9 72 565
62 68 299
32 98 897
62 83 179
30 70 53
72 86 596
34 84 759
41 47 261
42 66 572
45 70 836
12 37 943
41 52 983
24 56 479
38 42 523
16 49 443
18 53 867
33 94 464
36 45 991
17 23 413
1 52 225
59 79 745
0 63 235
15 24 450
38 60 637
20 26 587
42 58 913
31 95 820
9 33 703
8 61 833
18 64 457
22 27 256
11 65 818
23 42 591
40 65 748
38 55 155
4 51 617
12 92 320
86 92 231
8 12 235
15 39 122
38 97 295
13 80 174
19 48 44
1 6 690
16 20 975
21 24 781
58 94 967
91 97 721
42 94 692
67 78 861
46 77 802
46 79 415
23 67 161
25 74 500
67 74 900
17 35 801
45 63 667
35 84 220
3 80 735
7 48 914
28 40 914
6 47 460
30 75 344
3 20 748
92 97 115
28 98 547
15 86 389
73 97 688
19 45 390
11 12 294
22 82 156
36 39 56
66 83 555
3 47 490
71 94 377
55 67 182
7 65 547
19 27 257
41 60 946
0 62 988
50 82 827
45 69 674
15 84 383
65 66 826
16 44 460
14 58 258
20 69 558
29 40 980
5 51 436
2 90 92
73 83 820
55 60 197
27 71 864
26 76 576
19 23 391
46 58 822
21 70 223
0 79 466
13 53 949
47 53 873
19 35 795
54 64 534
34 43 699
43 96 201
88 96 510
63 64 727
9 27 923
74 79 619
74 82 244
42 47 132
16 28 653
15 89 644
23 36 543
73 81 428
35 90 488
40 91 553
24 86 230
5 68 130
14 96 684
13 63 985
46 72 640
61 89 134
41 89 209
57 79 218
7 16 815
32 46 860
15 87 505
67 77 703
38 43 315
13 98 353
37 86 143
57 97 865
47 62 699
7 21 833
49 61 204
81 99 445
58 87 942
95 98 122
21 44 922
50 96 359
6 59 563
38 79 254
2 27 837
17 30 920
28 53 841
21 49 962
19 65 169
6 75 598
26 91 315
26 73 899
1 65 319
34 78 536
1 14 219
21 23 631
39 81 776
5 89 135
87 89 882
4 44 984
83 92 183
53 80 301
1 8 560
18 21 221
78 88 755
2 61 969
75 86 526
30 94 907
10 90 176
0 54 601
40 53 938
39 92 609
16 46 57
8 83 341
22 44 799
56 69 201
33 63 560
30 63 854
20 29 919
84 87 840
23 69 219
12 31 772
49 79 810
44 58 975
15 94 523
57 64 107
1 39 47
2 91 823
40 94 580
24 47 141
21 47 446
82 92 710
16 75 330
42 84 194
15 91 484
33 34 733
22 54 742
17 66 899
1 3 460
32 55 235
20 36 351
17 22 73
27 76 499
13 16 223
14 83 198
35 51 139
35 86 398
12 89 579
63 98 729
25 68 280
22 38 268
75 94 158
80 84 618
49 93 332
29 84 492
71 77 703
41 95 650
42 68 551
44 59 540
73 93 840
39 82 116
24 26 308
22 78 707
8 96 675
54 67 957
24 72 733
10 70 576
7 76 230
49 59 245
10 29 175
20 78 650
63 95 921
28 63 606
18 28 427
45 89 221
19 33 682
23 78 939
73 85 220
87 93 870
40 76 312
14 71 742
15 92 331
4 63 940
73 82 401
2 81 242
9 87 813
71 78 917
25 47 314
25 51 876
6 65 772
40 59 707
21 66 146
6 88 953
5 70 514
24 63 287
24 49 460
19 20 737
8 74 140
24 34 981
20 50 109
32 83 87
9 84 860
32 81 163
18 43 103
67 90 848
65 95 421
23 54 779
4 95 70
75 78 695
46 95 564
39 54 166
80 81 536
62 93 184
47 78 288
69 91 461
3 66 681
13 33 296
54 93 449
9 25 999
83 85 715
0 65 560
15 18 46
61 67 496
27 98 224
23 62 424
7 41 562
47 93 583
80 98 388
61 72 461
8 73 185
14 29 230
14 19 438
26 83 370
7 50 148
94 97 308
70 84 138
56 81 792
27 78 537
2 66 724
68 84 411
4 92 737
21 54 118
19 26 307
36 38 774
69 92 841
5 81 592
43 77 455
8 76 441
9 83 280
42 64 860
14 91 937
19 61 123
9 22 220
32 61 93
46 63 867
31 59 490
45 72 173
59 66 863
18 70 511
0 85 376
52 93 351
11 76 222
49 73 142
69 98 615
13 45 554
37 64 199
24 99 598
12 94 470
56 89 511
65 91 443
54 66 604
14 55 577
85 94 942
4 50 593
37 96 983
72 85 240
39 52 94
22 50 385
39 71 388
22 98 750
38 39 555
17 83 257
83 94 487
31 47 235
17 53 425
1 40 111
80 86 729
24 60 845
6 56 969
13 56 447
31 97 868
7 84 881
67 94 719
28 43 712
25 72 169
30 58 248
39 56 78
7 20 534
37 38 564
38 75 222
71 80 269
8 75 88
35 63 198
8 23 941
46 49 977
74 84 262
10 74 205
26 97 530
4 60 503
53 67 800
68 70 920
30 44 779
46 78 662
46 80 792
7 67 702
4 58 692
1 67 129
6 49 283
64 82 983
4 11 441
14 60 139
12 42 910
33 52 570
6 86 198
18 76 319
36 96 578
91 96 168
46 89 977
56 64 963
28 69 744
9 16 915
35 62 614
5 97 146
45 66 930
1 75 135
6 15 229
67 97 610
36 76 175
24 43 963
16 89 610
11 28 687
16 53 301
23 76 183
19 55 742
18 46 211
13 43 887
55 82 361
70 75 127
7 90 647
49 84 220
63 89 711
40 54 975
50 62 118
63 82 298
1 41 384
48 68 580
61 75 393
23 39 123
49 74 342
28 88 974
23 64 501
77 80 849
75 92 627
60 88 845
33 97 522
39 46 266
35 98 519
62 66 75
36 83 656
18 44 160
40 86 716
11 36 188
63 84 881
3 81 838
0 37 620
21 75 299
5 15 221
79 95 262
23 90 986
31 49 181
8 50 728
58 71 768
43 55 607
15 93 214
47 61 813
60 73 397
56 61 235
5 63 591
38 71 347
21 52 987
35 47 592
45 96 371
36 85 994
2 84 913
31 70 42
5 74 682
47 90 442
10 32 189
15 71 231
37 45 635
31 69 839
34 87 607
0 42 632
45 86 815
21 86 590
36 81 758
29 59 252
68 72 446
28 58 557
8 93 494
26 80 934
30 48 490
1 22 569
21 25 341
19 64 166
47 69 531
20 87 820
82 86 845
50 77 581
18 26 710
46 86 435
2 72 239
57 92 580
35 46 612
9 62 190
62 95 931
3 74 428
10 26 753
34 77 417
23 72 677
39 97 158
34 41 943
3 16 512
10 56 474
39 48 374
19 50 923
69 73 414
43 74 473
87 96 881
49 83 661
75 99 600
15 46 696
32 42 701
17 86 407
12 32 997
2 85 608
10 25 695
14 16 146
34 68 575
26 85 712
3 99 952
56 76 820
51 74 380
94 95 856
6 66 484
14 73 178
28 57 925
24 35 102
79 87 104
8 70 665
33 92 752
1 74 809
44 73 921
7 18 288
26 46 523
32 39 233
66 86 374
1 43 583
6 53 974
25 57 469
40 62 225
21 60 411
45 95 423
14 88 259
5 6 67
64 85 143
12 62 591
19 95 214
37 85 851
19 57 561
7 15 449
74 75 202
24 80 98
79 83 254
49 55 973
36 82 134
39 73 238
56 57 866
90 96 309
8 24 230
4 46 517
14 90 663
3 72 440
5 78 197
44 50 154
90 92 668
42 69 50
3 27 388
22 76 857
34 72 724
14 89 110
13 57 239
27 29 771
78 82 237
7 75 518
35 36 559
4 36 772
48 81 495
5 32 92
11 13 886
16 39 387
57 83 78
6 82 233
42 89 336
34 64 529
24 61 820
54 78 507
82 88 696
29 38 782
0 6 169
15 60 206
39 44 968
27 96 881
7 30 220
7 82 577
13 58 941
5 77 294
39 85 165
46 70 722
39 96 119
43 53 971
62 72 536
4 57 158
26 30 677
14 45 898
46 75 888
16 33 988
16 48 897
20 59 89
12 76 103
12 58 434
3 19 460
32 70 741
8 94 929
48 60 230
53 65 922
34 65 392
4 77 276
4 10 378
3 9 585
11 16 383
58 82 990
33 54 356
32 53 680
69 97 229
3 62 696
43 48 534
60 95 197
61 79 978
30 77 323
31 72 821
2 62 847
21 40 795
39 84 552
20 72 109
63 68 529
0 77 370
46 67 759
56 63 875
48 71 619
8 30 719
15 42 79
0 31 748
17 60 105
40 77 317
24 50 786
85 93 445
0 92 887
36 64 914
53 87 165
74 85 603
3 56 536
66 95 307
48 59 425
41 77 570
50 80 978
22 52 142
19 54 640
68 75 785
77 90 323
4 98 701
22 94 766
12 57 644
37 99 780
29 87 158
12 49 852
26 81 618
51 95 319
67 91 175
51 54 553
37 70 256
6 54 492
4 71 383
25 40 58
42 78 143
8 36 830
32 51 129
13 23 817
34 59 235
17 97 738
62 85 201
40 55 578
68 94 886
85 98 322
2 14 739
30 93 299
17 29 667
55 93 962
9 82 210
24 67 456
37 42 224
22 47 752
2 19 188
47 60 213
18 93 358
45 55 203
52 58 393
12 68 861
31 44 140
31 42 319
12 29 790
15 41 53
45 82 169
3 67 598
41 45 962
67 69 826
18 34 604
41 85 946
63 76 836
1 61 858
58 80 111
6 85 424
7 88 594
37 57 329
62 89 845
2 35 780
6 48 787
47 98 770
59 88 140
84 88 481
2 22 167
22 77 53
0 60 268
68 93 390
16 71 393
12 46 607
65 83 966
2 88 413
56 73 512
46 69 195
81 96 914
12 25 856
15 77 607
66 82 685
53 96 213
55 76 821
71 86 236
27 69 101
4 48 274
42 86 224
52 60 517
87 88 271
62 98 215
5 10 785
33 78 234
14 56 757
51 67 270
25 38 709
17 75 870
25 61 352
40 57 841
77 97 640
56 84 236
4 55 983
17 67 809
27 51 497
23 41 999
65 86 449
53 73 215
41 42 715
91 95 232
53 93 456
28 99 271
1 15 976
52 96 684
43 64 881
83 99 742
30 38 438
38 68 451
78 80 483
61 65 219
67 75 706
32 86 581
12 78 740
46 98 634
34 54 559
46 64 662
15 50 127
84 96 803
25 87 539
15 80 745
5 43 426
17 93 701
15 40 722
87 94 451
5 17 189
6 35 211
32 84 109
23 82 421
13 28 388
20 70 221
80 82 489
1 36 576
33 62 199
25 54 629
11 68 957
61 71 772
32 90 338
8 26 131
40 42 722
55 58 216
73 90 196
23 27 759
36 43 807
44 57 333
16 47 823
31 34 394
12 82 259
59 82 92
67 85 673
66 81 697
36 41 296
16 25 971
4 20 772
26 72 843
32 79 224
65 90 516
43 89 314
45 61 554
16 77 659
56 62 362
20 98 941
11 55 955
23 37 255
0 19 533
50 85 422
7 23 197
27 28 86
1 70 411
14 37 493
60 67 732
19 97 807
5 21 834
4 38 392
30 84 162
35 48 347
65 75 947
6 71 619
17 51 224
10 11 338
48 98 212
13 50 761
6 7 739
15 59 829
0 87 91
61 83 477
29 61 491
4 54 334
45 81 276
53 61 505
47 54 109
2 42 733
4 89 993
38 53 800
80 83 209
2 59 816
52 54 517
7 92 715
11 21 311
6 62 903
9 45 272
12 71 179
31 45 569
85 99 540
15 76 606
26 65 707
28 30 977
70 74 826
84 93 511
32 85 214
18 86 878
24 71 89
13 21 629
37 98 980
8 62 317
45 74 404
28 97 323
53 90 772
25 58 65
20 30 603
81 92 389
9 49 958
40 64 152
20 94 802
14 53 136
18 95 953
19 22 420
41 43 514
57 93 328
15 27 355
27 43 76
12 55 661
19 39 792
28 77 663
28 68 772
28 47 927
4 85 773
51 86 897
38 83 246
40 46 202
57 72 219
6 37 852
30 62 874
4 23 198
24 85 734
11 81 877
39 72 293
38 74 982
28 60 762
2 99 381
58 96 319
8 20 157
54 60 766
39 67 549
58 74 331
2 32 79
48 69 439
25 80 371
74 93 498
12 26 130
37 95 605
50 89 672
25 32 396
17 55 639
56 60 897
15 78 403
5 47 356
10 61 248
21 88 589
37 81 491
25 79 801
5 80 698
85 96 63
28 67 683
0 56 735
77 82 185
51 80 715
20 45 641
13 75 632
52 91 709
2 45 876
4 96 586
0 46 786
14 51 902
28 50 624
38 78 696
44 84 832
13 85 966
50 66 643
12 41 883
24 78 184
75 81 64
8 46 988
0 8 986
1 82 364
9 79 675
57 98 469
3 95 117
52 69 982
69 87 555
14 36 456
6 57 762
19 71 825
38 89 734
20 58 672
11 57 401
53 60 309
38 88 963
75 90 347
76 93 125
6 98 935
50 73 599
11 29 280
21 98 595
44 60 458
5 99 840
39 98 631
0 82 226
26 94 343
10 71 258
39 50 163
25 82 979
77 89 149
5 44 414
34 90 800
12 45 759
68 73 165
2 96 467
31 93 683
30 64 512
37 41 181
40 50 397
11 96 889
34 91 422
19 73 789
65 77 658
42 92 486
9 44 865
3 40 249
43 46 771
8 66 745
23 46 476
3 32 649
53 69 316
53 63 476
5 37 455
10 47 620
22 89 835
4 93 910
59 83 221
1 97 372
60 85 421
7 69 925
42 49 540
33 43 379
66 89 396
10 58 915
19 42 371
13 73 586
42 88 454
0 76 809
42 45 229
26 61 993
12 81 471
4 32 856
4 41 664
9 54 669
4 28 915
25 27 943
6 8 949
86 96 558
22 88 686
39 62 285
26 50 151
8 25 626
44 96 747
4 5 55
3 87 710
18 96 351
20 46 140
33 40 431
15 28 244
37 82 326
13 76 866
22 51 249
49 53 296
83 88 86
43 75 255
56 67 851
47 49 987
11 45 260
43 93 407
14 38 508
20 83 119
16 21 158
0 73 709
2 17 348
29 48 656
38 40 623
28 38 430
75 97 547
34 52 447
7 51 177
5 12 297
17 85 774
27 99 76
9 90 883
43 45 348
42 91 324
0 30 916
12 34 555
46 85 954
68 88 352
27 63 492
71 87 973
10 65 375
52 62 507
11 38 588
30 73 79
87 90 658
12 20 371
47 67 520
23 79 202
40 67 210
65 97 502
7 44 140
41 91 225
80 99 560
21 62 169
52 76 551
24 62 237
6 33 114
17 54 216
64 95 996
44 86 147
52 66 694
38 80 699
28 52 209
36 75 198
42 55 422
10 14 278
41 90 204
2 78 657
44 64 480
47 57 952
1 9 956
24 65 102
39 91 274
4 24 356
34 96 249
51 70 711
63 97 314
21 63 346
72 84 572
40 99 611
26 35 823
1 38 485
40 89 242
41 48 93
93 97 966
36 79 560
26 79 927
78 98 553
0 95 390
4 17 771
9 68 984
59 90 390
22 61 505
1 96 777
31 83 733
28 44 994
7 47 863
15 82 202
16 36 341
70 96 615
35 50 83
14 95 315
14 80 119
4 79 962
9 55 523
74 96 236
17 49 345
79 92 540
25 53 576
37 50 827
75 82 446
64 87 759
16 26 389
9 40 808
20 52 925
24 44 712
11 14 335
32 77 785
63 94 995
11 48 547
46 74 947
31 61 272
4 68 428
13 20 582
86 94 870
0 29 548
17 84 545
31 91 371
11 32 234
67 76 419
26 37 375
9 34 747
30 60 868
7 31 289
25 62 522
43 66 252
52 95 530
85 88 739
1 69 282
44 97 286
29 72 247
30 89 351
8 49 550
4 65 902
26 69 948
51 92 184
54 70 971
55 91 317
21 55 808
15 51 353
0 35 190
37 93 627
12 72 549
2 63 564
16 93 761
16 18 955
79 99 657
47 48 495
3 33 684
29 51 927
24 96 300
1 42 219
84 90 850
17 98 513
29 73 384
7 91 275
21 51 417
16 37 639
43 59 424
2 26 267
5 33 974
3 77 490
12 13 462
27 94 340
31 81 987
6 10 244
7 70 840
55 95 844
18 19 246
7 42 636
20 66 910
49 62 293
42 52 407
34 88 986
43 82 549
48 55 536
27 72 412
61 99 583
3 42 662
30 51 924
22 86 615
63 71 442
77 92 167
5 55 226
12 77 782
35 42 725
23 34 835
54 59 925
13 68 158
14 76 271
31 88 972
26 53 405
32 82 122
0 45 380
0 49 92
18 87 982
12 87 972
39 87 304
18 60 572
31 90 584
14 40 181
49 97 764
72 98 410
17 99 794
17 33 436
47 76 514
17 44 686
37 43 114
35 81 260
11 39 259
45 62 689
6 38 162
64 84 679
15 96 457
44 99 598
29 33 325
43 67 899
41 75 650
19 40 562
83 91 722
58 86 625
21 94 707
21 37 142
10 31 722
25 90 312
21 32 630
10 86 223
2 25 767
63 77 436
4 97 282
4 45 988
29 41 706
73 89 586
82 83 338
55 78 305
22 83 530
2 13 444
22 80 991
65 85 986
26 66 698
7 85 440
31 54 593
28 54 726
44 88 392
82 85 798
1 66 127
60 72 885
28 94 606
34 76 343
85 87 137
62 70 380
51 53 567
44 78 490
19 86 635
46 56 442
19 28 247
14 67 416
3 50 651
65 69 218
26 38 601
4 83 838
21 83 899
26 28 771
21 27 181
47 95 544
50 54 203
25 95 862
70 78 635
39 66 215
49 80 669
19 83 628
7 63 715
60 63 416
66 77 195
35 89 621
79 96 455
57 88 81
24 57 309
29 52 935
63 81 213
1 11 366
38 56 749
41 97 847
55 83 362
29 80 874
17 77 593
46 73 433
30 40 116
75 76 419
30 83 355
16 32 775
11 54 297
66 90 194
4 47 151
41 56 176
24 73 397
10 93 968
56 85 585
17 38 799
15 65 593
11 17 393
60 70 997
91 99 362
61 97 433
77 99 180
8 54 542
70 85 788
34 55 371
20 35 198
26 68 434
16 19 140
46 60 624
3 92 897
19 89 342
44 46 128
59 81 193
29 30 371
47 73 665
48 87 331
8 68 675
11 58 810
27 79 291
5 13 897
66 71 381
40 68 191
5 26 753
54 97 430
0 67 648
4 86 795
32 88 395
23 74 990
53 62 912
25 85 410
3 12 506
20 51 201
5 41 205
58 84 451
12 22 860
14 27 962
38 81 940
24 77 500
32 37 947
67 83 857
43 57 604
8 65 648
35 95 610
49 85 620
6 63 159
23 61 107
18 92 402
24 48 456
30 32 680
24 83 863
18 98 292
23 43 237
32 80 136
7 83 673
31 46 598
48 70 316
24 25 342
17 36 913
15 33 150
24 69 155
26 44 813
55 73 968
43 63 520
46 54 874
35 87 596
9 11 87
17 40 237
26 84 832
18 68 683
49 96 617
71 83 524
23 25 303
44 62 235
37 84 112
44 91 874
8 67 469
10 23 508
76 96 123
2 58 435
16 65 779
30 69 533
29 64 83
75 79 315
9 12 189
16 59 720
11 15 172
46 84 947
39 63 504
54 85 387
4 19 710
14 44 157
74 77 909
17 50 115
28 86 928
28 35 671
2 10 799
51 78 907
38 58 484
59 62 141
2 71 926
59 96 795
57 61 116
39 60 403
16 24 316
58 65 367
4 6 407
9 50 553
53 75 471
0 10 373
45 77 798
9 18 873
22 28 54
49 88 672
10 66 698
3 91 198
29 95 959
50 67 910
49 98 704
11 85 563
2 7 973
0 71 587
8 39 780
50 60 799
38 44 803
30 71 239
10 12 517
16 45 709
19 46 292
19 53 881
44 93 234
42 93 455
61 70 961
1 48 455
9 89 611
47 88 940
51 64 428
24 81 743
56 58 657
22 42 659
58 92 100
14 28 951
57 89 301
23 32 234
79 90 899
52 98 517
28 33 277
66 94 744
1 19 515
78 79 604
18 58 296
64 76 506
18 23 535
18 33 850
76 89 808
42 95 353
36 99 190
22 57 812
32 95 81
42 98 815
51 66 180
7 86 371
11 63 84
83 96 715
25 71 251
12 85 296
2 5 171
8 31 813
33 86 587
23 95 923
22 96 414
53 89 434
8 13 240
17 72 221
1 99 549
11 84 870
63 67 366
28 90 593
1 87 874
15 69 427
6 20 772
3 86 483
90 97 322
64 91 645
33 47 804
60 78 983
13 52 649
14 70 608
50 72 43
13 46 139
29 89 896
54 80 787
12 66 486
53 98 163
18 40 823
53 76 591
55 62 520
18 61 169
56 72 88
14 49 301
11 90 737
56 90 511
6 76 575
4 62 251
32 87 100
4 78 214
78 96 862
9 15 439
5 79 194
16 58 101
88 94 484
10 28 752
21 77 608
9 48 746
4 94 180
61 91 300
21 72 983
22 37 947
65 92 455
13 26 989
8 51 637
31 55 394
6 93 205
9 96 508
2 33 684
26 77 654
5 52 288
34 57 281
5 7 910
28 80 93
48 95 709
12 40 139
7 37 592
43 70 134
72 92 673
15 25 191
41 78 616
43 73 497
91 94 203
66 70 682
12 59 446
13 32 754
39 47 239
17 92 449
6 74 893
5 92 351
11 61 253
27 48 482
61 66 434
36 66 199
1 32 656
16 50 250
41 79 283
33 41 210
23 55 244
14 97 995
28 85 768
9 52 495
40 79 418
30 35 841
34 50 498
47 50 531
9 24 530
17 78 729
61 69 133
16 63 581
3 24 953
26 98 887
57 71 280
81 95 371
84 85 511
0 53 679
72 95 981
9 32 523
66 88 876
30 80 917
79 85 454
78 94 794
74 87 206
60 66 95
49 71 997
38 52 113
29 37 210
25 39 517
49 78 451
42 51 493
21 95 754
52 53 77
25 92 383
1 71 887
69 86 156
35 82 398
24 84 178
20 74 864
13 61 817
29 65 313
0 21 464
9 10 915
88 98 830
10 63 571
12 83 370
32 47 610
60 94 804
8 77 143
21 90 422
81 94 371
1 26 918
55 57 925
72 76 699
24 41 276
19 58 907
9 81 961
4 21 149
48 73 111
44 90 283
54 57 693
7 39 395
11 69 92
45 57 238
44 54 471
19 25 157
0 78 263
69 96 218
0 28 933
26 67 158
5 95 638
16 35 600
38 49 597
11 91 982
31 76 722
21 84 74
31 77 546
26 78 240
39 99 228
56 93 592
19 91 165
3 23 996
25 28 860
8 38 413
70 87 515
25 83 543
20 77 342
24 53 701
43 86 873
12 27 264
3 43 447
93 95 702
58 91 55
49 50 821
82 99 345
8 78 575
10 38 766
33 42 692
45 71 692
50 75 114
11 30 522
7 97 989
22 59 146
6 42 550
5 98 143
27 52 642
78 95 915
65 98 336
37 91 678
17 90 144
37 73 991
44 61 514
70 92 587
31 96 300
36 70 86
15 58 577
51 90 871
51 62 515
12 99 683
35 97 297
7 28 907
33 51 873
22 66 408
45 76 925
31 66 442
8 58 320
27 39 105
38 77 447
32 68 706
43 61 968
36 44 230
22 56 211
19 29 849
25 30 989
16 73 222
7 36 337
2 34 741
56 92 952
69 89 925
53 83 935
13 47 188
12 50 84
26 48 141
73 99 244
3 13 394
16 42 820
36 46 706
74 94 907
17 89 474
22 84 164
55 79 682
64 71 458
23 81 937
31 78 965
31 99 920
40 44 81
44 70 454
37 56 606
42 76 238
78 87 382
14 93 213
37 90 762
51 71 324
27 88 125
39 80 89
49 99 592
85 92 294
43 94 563
8 98 236
65 70 533
38 63 164
11 77 585
27 58 301
60 75 220
56 99 898
72 79 634
28 46 706
48 53 198
64 83 792
9 74 99
31 50 369
28 96 461
41 98 992
79 98 944
40 93 354
73 91 211
83 93 651
22 68 458
42 75 564
41 58 677
3 78 886
2 79 665
73 79 410
5 23 138
61 98 279
50 61 277
47 92 94
5 31 932
15 62 275
11 75 124
57 63 852
14 43 482
33 85 345
16 22 662
25 97 601
26 92 591
3 38 206
18 78 859
32 52 60
45 67 496
47 85 614
1 44 637
28 74 119
28 59 309
10 82 406
52 68 690
1 80 130
41 61 381
77 87 434
59 71 784
17 45 830
13 92 266
1 4 638
21 85 971
22 69 153
61 84 936
35 41 921
40 71 723
8 40 367
43 72 807
71 95 215
20 55 329
79 88 553
3 55 341
34 49 850
68 78 231
2 23 171
23 53 582
4 31 676
58 99 898
54 74 732
25 86 156
16 86 787
51 75 197
93 96 672
9 91 704
32 67 465
15 22 553
48 63 853
19 78 304
8 95 741
62 87 126
1 25 855
23 86 564
28 65 212
14 25 376
76 84 247
7 79 729
54 68 582
9 98 771
9 23 773
4 26 909
39 41 839
43 99 199
38 92 168
23 89 627
2 76 281
22 72 778
29 66 533
23 73 876
69 80 95
59 92 783
6 70 976
7 12 662
8 48 637
89 90 64
71 73 371
44 69 125
27 44 955
12 64 879
50 71 195
19 93 547
20 41 147
2 30 383
48 90 696
6 19 261
2 65 922
42 46 857
46 61 820
47 94 261
29 49 646
34 63 555
24 29 744
20 25 568
10 27 289
43 78 836
24 76 860
58 75 638
65 94 163
13 96 725
1 89 993
17 88 276
36 67 130
53 92 101
29 78 374
10 89 195
39 43 741
27 56 800
30 85 972
20 73 748
69 90 690
33 64 138
9 58 683
29 57 63
31 89 612
88 97 536
29 77 727
33 82 404
24 37 717
50 98 336
1 21 561
44 79 656
43 49 878
1 68 859
52 86 277
64 74 391
32 72 166
18 27 390
57 84 873
35 88 108
67 86 555
62 75 464
2 41 161
71 88 345
17 94 579
15 98 702
68 85 401
52 89 528
9 21 631
33 65 847
69 93 948
47 96 609
41 46 497
3 93 170
10 34 831
10 33 993
26 82 374
42 81 260
48 79 252
64 78 903
19 34 465
73 78 447
60 68 916
29 35 161
13 83 956
76 80 110
2 52 300
0 59 814
8 63 164
5 34 442
8 86 271
66 84 941
30 98 526
21 73 728
42 61 326
15 55 500
93 94 133
9 14 972
78 85 915
67 87 383
19 87 438
3 54 393
30 47 898
45 49 953
41 73 521
50 78 978
24 98 511
92 93 52
22 60 331
13 40 476
12 67 138
16 85 974
84 91 260
60 65 206
7 56 955
63 99 603
17 27 325
17 42 878
16 69 727
1 85 290
24 42 130
61 95 397
12 23 427
24 93 489
28 66 768
50 99 980
7 96 427
44 55 712
14 17 150
23 92 220
27 42 507
29 60 808
9 31 978
34 39 420
14 69 586
9 56 811
13 42 790
57 62 241
11 99 444
44 80 852
71 75 456
43 98 601
31 40 485
59 67 242
56 88 838
22 39 864
16 87 885
6 97 406
15 36 978
15 81 847
70 76 629
13 48 488
49 58 685
80 90 609
57 67 976
75 89 819
4 34 890
4 9 929
10 13 427
64 68 463
50 90 133
37 72 352
6 39 67
57 66 651
6 87 561
54 82 770
34 79 917
20 85 839
5 87 212
17 58 602
76 91 248
19 52 228
64 72 793
43 83 997
20 65 213
8 97 523
43 58 171
7 78 499
22 32 522
11 78 178
29 74 623
35 77 983
32 35 170
67 68 220
58 68 889
7 52 927
4 30 569
67 89 682
8 90 887
64 80 360
24 39 318
15 35 113
16 76 322
47 99 688
32 38 140
81 85 132
22 55 88
38 84 500
0 32 800
46 82 174
10 20 425
27 53 534
55 89 231
18 24 160
47 74 101
19 82 753
44 82 519
54 69 517
55 81 398
4 70 993
48 56 493
15 66 73
0 24 880
42 60 386
8 69 59
78 99 80
59 93 151
57 69 223
1 7 335
49 86 505
18 94 187
79 89 770
46 66 502
71 72 630
1 92 769
0 51 461
33 96 674
51 94 986
44 75 772
8 32 287
21 68 253
38 99 665
27 82 888
14 74 763
7 95 657
36 71 560
0 68 515
24 74 482
21 53 806
30 45 90
53 81 492
30 61 522
13 25 590
11 83 464
34 73 218
0 58 411
4 52 457
57 76 327
49 87 435
2 38 259
34 67 443
14 46 250
42 80 390
17 70 530
36 92 852
10 94 67
35 99 775
4 14 494
21 76 338
20 80 974
18 22 385
44 76 684
12 43 117
92 95 679
89 92 201
19 41 904
27 36 445
61 82 815
16 62 945
63 65 519
22 36 453
27 50 531
11 80 193
68 99 530
20 37 77
32 99 832
65 71 316
89 95 692
36 72 869
65 79 168
60 76 756
16 74 791
3 65 291
58 95 651
31 37 416
23 29 553
22 23 316
48 93 481
33 69 564
5 72 363
97 98 854
66 67 107
23 80 912
1 50 455
47 51 404
25 34 594
47 80 248
17 96 268
41 65 636
1 51 959
2 51 779
1 10 639
15 74 655
53 99 952
9 77 107
34 74 654
23 77 824
12 53 542
4 82 716
20 82 580
43 47 471
3 10 901
21 79 159
28 93 156
11 53 116
4 64 953
24 55 108
77 93 384
15 32 263
57 86 565
22 62 682
58 88 819
69 94 817
27 70 584
87 92 708
42 62 533
11 89 957
1 16 811
38 46 795
68 87 566
50 93 465
54 91 823
58 90 187
10 69 678
65 78 789
59 97 114
2 73 927
92 94 376
51 69 768
16 43 776
12 28 178
15 38 142
54 72 204
30 90 302
21 43 176
14 64 868
13 30 876
6 50 516
54 96 200
25 48 490
40 75 387
24 36 764
20 40 180
13 19 53
46 57 890
1 63 213
25 33 597
48 52 811
16 72 525
58 61 828
8 53 577
68 83 835
36 95 800
3 45 889
10 19 196
73 92 651
20 32 923
52 67 720
27 64 598
26 64 720
53 97 578
44 52 225
57 74 202
20 60 740
20 56 297
5 88 527
13 49 546
12 16 190
22 92 357
35 37 567
3 98 838
67 81 169
45 65 897
32 93 391
29 83 818
55 96 466
44 72 872
20 91 444
26 47 996
60 93 868
5 96 773
32 71 226
34 46 385
0 22 320
3 70 174
7 93 958
8 27 512
6 41 912
5 67 881
20 97 497
11 50 668
28 36 822
0 18 143
8 43 713
43 54 798
5 45 326
52 56 91
2 67 271
10 41 335
70 93 957
8 22 844
37 53 276
2 15 494
61 73 786
54 83 813
64 90 772
53 82 354
1 88 235
55 61 972
10 37 170
25 99 422
44 83 519
14 99 146
64 81 638
15 52 677
18 48 386
47 75 99
22 58 443
56 75 711
63 83 895
24 27 416
30 72 635
68 77 83
70 88 95
13 87 572
1 54 454
64 97 199
73 77 735
5 30 115
23 35 554
15 49 812
34 99 233
56 78 193
24 95 773
19 80 331
24 97 868
21 50 136
47 64 220
1 12 405
9 75 870
29 76 113
31 85 688
81 90 947
22 74 383
1 91 889
62 76 261
27 87 674
5 18 220
7 53 97
13 18 693
48 62 608
0 33 152
50 76 558
41 76 737
54 99 450
51 76 191
4 40 261
41 84 332
3 88 419
2 64 590
10 83 109
25 45 704
24 38 769
18 72 150
45 59 267
9 38 797
13 14 420
77 88 251
53 70 868
27 33 932
36 51 884
44 51 985
66 75 281
5 62 451
30 88 62
4 88 761
84 98 570
24 68 750
83 97 881
28 89 668
67 71 313
66 91 855
37 94 508
26 32 267
1 28 956
63 70 692
1 93 662
5 49 367
0 94 494
17 46 307
17 61 391
87 99 161
36 98 103
52 72 136
63 75 248
50 52 879
27 66 274
39 61 994
20 28 45
9 57 94
42 67 302
27 55 957
18 91 961
3 85 463
0 80 275
10 16 867
44 45 521
5 46 888
12 48 934
20 90 551
19 72 629
22 25 254
33 55 501
5 11 598
7 45 571
64 86 172
21 56 899
56 74 358
47 52 251
70 99 339
35 74 705
32 92 826
45 92 550
31 80 202
6 34 265
16 40 568
32 94 563
1 72 651
80 92 596
59 89 771
48 76 828
30 79 582
1 34 382
18 62 609
53 57 635
7 98 424
22 48 398
51 84 814
19 49 523
7 46 279
60 62 416
71 96 788
48 86 599
20 21 472
55 97 371
27 83 731
18 31 998
41 49 246
36 54 169
8 45 985
30 55 672
1 76 275
91 98 171
20 92 793
27 57 460
29 50 722
2 80 202
70 73 420
29 82 867
59 91 868
6 28 712
2 28 760
33 70 530
42 70 408
67 99 398
6 17 176
41 70 436
57 81 783
51 89 118
46 87 675
19 24 105
53 91 905
65 73 153
17 25 423
59 72 927
4 61 771
15 29 986
9 85 81
13 44 754
31 48 531
54 63 814
45 90 691
8 37 121
51 60 426
16 57 602
28 79 644
31 94 949
28 42 813
15 43 298
2 16 994
31 43 800
12 51 756
48 75 216
29 62 120
56 83 398
51 65 404
46 83 538
12 90 908
33 98 748
34 44 194
56 96 589
8 33 848
31 33 107
36 97 349
95 97 814
60 89 99
66 92 433
88 99 205
64 66 518
18 47 952
41 68 645
68 82 522
33 76 681
2 39 677
36 55 277
72 80 339
62 99 781
15 88 568
36 52 771
24 54 478
51 63 91
56 77 272
2 50 413
52 70 486
36 65 428
62 96 346
18 49 687
6 78 228
60 96 445
46 76 155
6 29 88
7 81 351
11 62 326
33 90 610
34 70 796
82 84 150
14 33 762
14 82 631
65 88 768
11 22 561
13 34 106
34 36 527
23 38 163
3 48 990
40 41 738
52 82 684
62 81 937
25 59 898
64 93 706
23 97 953
9 65 265
6 95 261
0 36 629
9 63 735
33 53 321
15 31 801
9 13 377
17 34 514
2 60 201
6 9 284
4 84 546
80 87 938
18 83 361
26 70 894
56 98 764
12 33 558
9 28 215
31 65 140
39 59 328
21 45 380
58 78 315
17 68 997
7 71 990
25 36 854
41 57 947
7 62 832
3 18 321
5 29 747
53 56 243
55 56 572
19 70 137
6 43 881
14 42 594
54 62 220
72 99 453
12 97 437
29 79 584
38 45 400
32 63 314
16 64 272
53 66 718
80 96 477
6 23 834
60 64 843
50 74 399
1 90 598
9 99 670
33 58 308
49 68 818
73 88 477
26 33 453
49 72 291
24 79 156
3 68 902
52 74 636
25 44 426
33 93 813
36 42 426
1 83 280
20 76 234
17 52 709
58 89 756
28 78 533
16 34 952
29 67 186
41 66 932
29 94 587
73 74 120
34 97 230
21 41 213
17 80 257
34 42 743
28 34 243
3 22 377
42 82 303
11 87 698
5 73 637
48 51 359
37 52 882
22 79 493
11 59 241
70 90 331
43 88 413
30 33 758
41 72 831
21 48 331
34 61 707
6 51 647
62 79 879
2 54 484
12 47 762
19 79 655
26 75 868
13 37 162
37 39 120
52 84 306
60 90 886
23 33 454
29 85 138
25 42 453
44 48 820
29 98 923
17 32 425
19 43 743
79 97 957
26 96 419
13 88 391
71 82 820
37 55 715
38 64 248
77 78 929
8 21 756
52 71 725
33 56 316
5 60 541
17 43 651
43 92 968
46 65 302
2 18 467
15 90 525
5 53 417
41 88 243
61 78 274
72 78 817
21 81 771
55 70 372
57 65 187
43 84 589
58 93 989
95 99 637
15 23 512
21 78 797
10 57 557
28 61 414
65 68 983
25 77 433
14 62 987
59 74 455
52 79 214
11 52 996
36 48 742
52 64 968
44 56 435
40 88 598
6 72 416
23 75 419
11 46 781
9 19 574
1 30 506
6 27 137
83 86 973
67 98 380
13 67 852
32 36 596
94 96 47
27 92 493
53 68 108
12 70 417
0 4 723
39 88 883
23 84 404
38 70 619
52 83 960
32 62 904
26 34 605
6 12 967
42 71 403
19 81 357
88 92 276
82 94 451
54 89 676
8 60 596
20 79 631
6 25 340
44 87 288
15 56 240
14 32 691
37 48 152
92 98 742
51 73 897
19 44 222
70 89 735
35 55 276
39 78 937
38 98 391
62 84 707
9 43 552
16 90 641
7 77 621
12 38 802
29 43 816
14 63 279
79 91 993
74 98 251
11 67 945
5 27 372
4 22 648
1 20 868
28 32 949
46 90 815
35 58 867
64 89 388
45 85 726
79 84 698
30 67 981
30 56 277
68 79 324
31 51 171
12 15 988
4 27 709
87 98 105
18 77 635
59 87 93
5 83 353
42 54 305
60 69 802
50 88 675
66 80 606
2 57 793
10 45 473
67 95 669
6 89 493
9 95 979
49 67 954
72 90 745
12 21 510
74 89 585
3 14 613
39 94 926
15 99 278
29 81 503
24 31 565
20 49 623
96 98 334
97 99 598
29 69 580
55 92 496
4 69 400
38 95 228
13 74 557
53 74 112
48 91 863
5 48 887
33 88 479
3 73 868
22 45 979
27 41 917
31 38 405
8 16 893
68 74 753
31 92 156
13 39 93
8 47 625
74 86 981
48 97 825
10 59 89
21 92 484
5 57 217
35 72 296
89 93 331
41 54 615
76 86 272
13 78 922
29 75 343
16 78 956
38 69 348
46 96 663
42 97 498
18 75 803
66 85 680
7 58 264
62 94 483
61 63 563
5 58 137
38 61 765
19 47 531
61 94 794
66 99 943
14 66 451
0 52 920
47 68 337
1 46 824
44 98 855
34 93 203
55 94 174
19 37 157
27 60 885
78 92 707
64 96 765
13 84 655
33 37 730
78 93 340
25 35 670
57 58 193
15 64 472
0 7 598
26 87 587
6 45 553
80 89 155
6 55 287
32 65 289
33 95 164
28 37 81
5 39 517
44 85 975
41 50 302
10 72 240
56 87 176
89 99 859
64 75 378
9 78 521
38 82 571
13 82 777
61 88 845
39 69 684
40 90 971
2 44 599
41 51 728
26 42 72
10 78 387
21 64 415
54 90 136
18 45 802
46 93 419
40 51 926
13 66 118
1 73 683
54 79 696
60 86 908
22 70 94
39 49 790
28 48 295
15 45 547
84 89 162
89 91 976
29 93 399
86 91 853
15 21 179
2 69 456
11 97 589
25 73 180
54 95 692
31 35 671
41 94 178
17 73 776
60 71 861
55 90 358
26 51 519
16 82 654
57 85 81
51 68 730
5 94 709
14 54 251
42 59 817
2 93 701
24 70 72
18 59 495
63 72 249
56 97 239
15 30 235
46 47 339
37 63 767
50 69 254
94 98 521
78 81 799
78 91 750
43 52 794
67 82 216
31 84 419
2 53 975
71 85 800
73 96 342
43 91 329
52 90 130
40 69 104
22 49 962
25 37 565
51 55 231
2 20 375
59 84 814
1 2 468
72 97 160
55 99 467
15 85 715
55 68 906
43 68 231
53 84 734
57 99 582
27 97 228
5 69 589
29 70 582
10 48 213
21 42 398
9 80 263
75 91 94
1 59 970
74 81 940
35 76 401
4 29 199
9 17 390
84 97 595
35 52 913
1 84 554
27 34 319
24 92 302
33 83 765
7 64 369
6 68 543
35 43 118
15 79 649
4 16 719
69 72 372
63 73 621
30 97 157
33 50 991
45 68 378
32 50 818
13 64 967
37 40 415
22 31 808
68 91 926
4 90 565
38 47 686
12 17 387
37 67 134
59 86 965
50 97 286
17 28 605
22 71 796
4 42 826
7 19 179
10 30 682
58 63 813
58 85 578
18 50 922
72 87 68
72 94 489
81 87 359
0 81 177
4 13 638
5 38 947
22 33 227
53 59 986
3 79 89
43 51 874
28 87 908
35 85 529
0 15 831
39 42 552
10 75 983
35 49 212
37 78 234
20 53 337
76 81 287
31 39 537
14 92 633
53 88 361
10 43 246
39 76 564
42 50 757
30 41 387
19 56 88
76 77 683
6 58 183
8 99 287
9 41 433
7 22 864
23 70 523
64 79 254
58 59 535
26 55 218
72 77 307
14 72 383
59 85 575
2 46 972
73 98 157
26 58 778
11 94 696
21 91 535
38 94 129
45 54 238
41 83 532
39 75 589
45 84 273
62 91 633
23 45 454
76 95 223
0 66 567
30 36 687
4 66 264
40 66 608
14 52 466
12 88 128
13 65 613
35 40 586
78 97 566
43 97 516
23 30 764
50 63 497
7 43 497
2 55 227
47 65 428
40 83 401
23 96 520
82 87 724
59 70 998
74 83 868
66 68 269
18 88 803
11 73 864
40 61 501
19 66 409
27 49 995
32 56 113
37 49 700
29 44 968
42 87 993
23 71 143
11 34 681
15 72 707
23 58 918
7 38 320
9 69 656
7 73 270
19 63 917
30 95 192
15 54 83
77 81 197
42 74 532
48 94 703
64 94 77
21 96 462
6 36 353
11 18 533
32 43 458
18 35 324
36 49 562
82 90 618
5 14 146
16 84 431
49 90 102
28 62 485
89 97 955
43 95 198
8 17 314
0 96 374
7 9 831
18 63 192
32 34 237
35 92 936
2 49 572
48 64 70
61 68 212
14 20 887
2 97 318
41 59 752
85 91 578
21 61 658
41 86 992
71 99 64
18 41 383
22 93 477
33 89 331
1 5 796
64 69 901
12 60 470
28 91 692
37 54 565
4 59 555
16 68 889
76 98 950
7 94 761
68 71 759
3 25 398
10 79 669
0 98 288
41 62 886
19 60 755
40 82 250
1 60 150
1 24 616
62 80 118
45 83 212
58 73 644
0 16 464
50 83 751
26 52 240
14 79 164
3 69 100
21 99 540
22 24 642
59 98 472
59 95 621
10 64 642
48 50 886
87 95 962
49 75 336
18 97 622
79 80 528
13 91 835
28 29 108
17 21 171
48 92 813
3 29 779
28 70 413
20 67 290
77 85 87
14 26 385
47 89 362
63 91 334
18 81 862
17 19 589
0 43 113
31 86 839
36 69 822
36 88 117
8 92 853
5 25 850
2 3 569
33 67 184
6 91 569
10 76 780
61 77 257
24 45 908
39 40 863
37 88 822
54 58 277
24 51 922
76 92 747
26 62 314
83 98 694
47 58 610
3 30 280
48 78 390
18 90 567
73 75 110
73 86 105
5 71 506
44 53 81
19 74 923
43 87 210
2 43 237
79 94 270
17 31 506
6 84 962
40 85 337
10 50 698
11 41 607
36 61 298
9 29 315
36 94 963
35 44 78
93 98 666
25 26 225
21 28 285
3 6 397
69 95 336
27 46 990
33 60 57
40 97 824
3 26 299
40 81 819
13 41 248
22 46 690
18 32 297
42 43 162
14 41 525
9 60 666
69 99 542
5 64 433
3 52 590
39 93 787
20 62 990
3 7 293
43 44 870
35 67 989
27 80 984
25 93 556
47 83 294
3 97 491
20 95 105
74 88 232
14 34 150
12 56 494
58 69 202
61 93 987
84 86 178
88 91 258
17 82 70
27 73 379
8 19 724
89 94 503
33 99 1000
70 79 190
27 30 784
3 94 689
25 46 289
49 63 170
38 85 814
29 56 610
37 51 259
80 95 270
7 40 328
38 76 877
3 71 891
44 94 291
2 82 562
11 60 171
72 75 702
14 86 360
10 60 205
35 71 686
48 49 676
49 70 440
49 66 843
7 10 465
9 70 377
80 88 405
8 56 437
35 56 813
44 95 44
69 76 652
72 81 293
58 97 283
50 91 95
74 91 283
45 93 978
33 57 908
13 99 263
63 69 69
70 86 998
0 61 583
30 31 320
51 87 705
11 82 208
31 82 856
40 96 101
23 83 332
23 88 413
22 90 810
68 98 657
73 87 700
35 59 947
14 30 209
29 42 743
24 28 54
28 73 332
0 93 463
46 53 424
25 29 350
0 41 846
7 34 137
28 81 274
72 82 150
0 11 137
49 64 657
68 92 71
16 79 954
35 60 208
10 85 781
13 81 280
21 71 480
27 81 586
9 64 815
38 86 748
23 99 737
17 65 782
8 80 422
0 3 475
28 39 669
26 27 582
34 81 189
1 27 977
3 41 358
0 86 493
16 27 874
52 92 981
6 30 903
33 39 742
22 64 362
9 66 882
33 49 530
1 62 167
60 84 839
69 84 672
70 77 656
13 72 534
48 82 843
76 94 216
1 56 982
16 80 629
29 53 271
34 38 110
39 95 933
46 88 170
20 24 221
47 56 111
31 62 675
15 48 828
40 49 573
8 72 429
10 62 123
68 96 602
2 8 441
40 52 951
12 93 588
62 88 84
31 75 615
17 64 920
27 85 459
0 27 162
63 87 310
21 22 896
0 13 807
86 90 229
75 85 277
68 89 155
65 67 128
12 54 287
32 96 977
52 73 558
11 70 981
81 93 813
41 99 176
7 17 666
36 77 106
46 50 247
9 59 530
29 58 569
81 82 148
71 79 158
4 7 500
38 91 936
23 40 347
54 65 544
46 62 106
54 81 154
22 73 279
2 83 657
47 79 172
11 64 888
38 87 555
16 51 349
58 76 119
20 43 84
1 17 172
70 98 920
27 32 124
6 61 393
44 49 743
85 90 942
33 91 264
75 93 622
60 87 266
11 20 144
46 97 140
61 74 65
2 70 662
0 47 567
39 89 221
22 63 181
75 84 724
4 25 921
41 81 295
6 32 869
2 86 965
37 60 225
90 98 113
55 72 768
83 84 355
3 4 872
1 49 398
5 65 378
26 45 722
34 95 162
30 78 778
49 81 168
3 75 354
60 82 212
74 80 617
21 46 757
19 31 582
19 38 146
13 29 373
41 69 117
17 74 464
51 91 440
52 87 516
9 37 383
33 73 473
5 82 661
8 71 676
33 72 272
2 48 334
71 84 251
17 37 65
18 51 546
66 93 259
36 56 989
5 42 194
3 5 219
24 82 760
9 35 161
44 77 722
8 10 196
76 83 756
49 94 129
29 47 820
32 59 117
15 68 684
58 60 335
43 62 768
5 91 349
11 56 520
57 96 214
37 47 655
48 54 801
3 64 178
20 42 130
45 51 858
9 26 656
12 86 527
34 89 228
11 95 221
20 33 557
7 25 786
27 61 325
54 61 654
76 97 844
17 62 407
10 96 456
21 89 201
37 80 78
14 50 894
61 86 579
67 92 697
65 82 500
0 1 675
12 65 771
69 70 906
38 73 135
50 58 470
4 81 719
35 78 54
31 60 140
83 89 902
40 80 403
10 21 397
14 84 863
2 92 435
20 81 543
47 82 358
8 89 769
38 65 562
12 73 246
23 60 660
29 63 436
17 81 405
43 76 108
1 45 963
3 15 621
2 47 112
16 67 540
30 46 784
15 97 963
15 53 806
16 92 814
4 18 463
19 90 60
13 38 160
39 77 510
51 93 125
25 78 240
7 99 77
73 80 301
39 57 799
24 64 462
6 80 419
1 95 541
52 57 122
45 87 443
40 78 454
8 44 537
12 69 346
9 20 254
49 95 951
2 21 486
59 75 820
16 70 185
42 77 451
7 59 222
29 71 155
47 71 438
79 93 231
81 98 990
23 68 440
51 77 929
16 88 240
55 87 291
30 49 136
9 86 925
79 82 179
13 70 317
64 98 436
16 95 820
34 75 916
38 41 693
38 59 701
36 93 818
50 92 340
18 69 980
26 36 253
23 48 969
32 97 931
4 39 289
59 65 984
68 76 788
11 23 61
27 38 665
25 76 245
23 87 581
4 72 680
10 88 325
57 94 762
15 67 642
41 74 773
74 78 891
53 77 662
38 48 778
35 94 484
4 53 750
33 87 303
96 99 248
63 85 898
54 87 407
12 30 225
3 63 208
34 82 912
46 91 572
62 77 172
5 54 539
17 26 729
1 33 160
15 95 586
11 86 242
36 84 499
18 80 487
16 96 158
8 28 842
46 48 535
22 26 664
10 91 285
60 91 771
35 61 720
86 95 126
17 56 92
88 95 783
3 61 635
13 71 412
21 39 561
33 68 220
36 68 141
55 77 330
26 31 988
12 36 535
9 42 829
11 40 816
64 77 239
90 91 477
20 93 694
81 89 446
19 59 525
56 70 562
10 81 459
0 55 281
77 91 695
47 91 208
23 65 526
13 51 970
5 50 670
69 83 582
0 74 491
5 28 897
73 94 490
51 59 589
52 81 516
53 95 61
34 58 417
65 89 258
41 82 480
45 64 662
93 99 152
10 44 562
76 90 227
18 79 933
10 42 771
11 25 856
5 59 818
42 90 796
30 86 512
12 24 149
67 84 266
61 87 987
63 90 101
40 70 563
13 69 417
43 50 203
32 40 413
49 60 838
67 73 97
14 87 283
12 63 219
68 95 835
18 20 263
34 83 878
11 24 131
16 23 267
48 84 518
95 96 680
63 96 626
17 91 302
35 53 494
56 66 720
49 52 85
85 95 640
17 59 405
49 76 838
47 70 902
78 90 718
5 93 457
82 93 693
37 46 703
21 35 304
51 98 66
45 97 306
42 57 575
40 45 194
42 72 887
4 37 414
33 79 778
23 51 574
33 48 682
1 23 995
39 45 300
78 84 457
0 83 655
68 90 915
32 45 164
3 36 474
25 81 980
29 88 897
12 98 141
38 57 558
31 74 101
27 35 953
4 73 587
24 66 357
32 66 856
8 85 530
20 96 382
5 8 541
10 36 356
41 96 989
23 91 206
7 54 940
52 75 853
49 89 165
4 12 781
25 65 663
48 72 999
70 83 211
16 55 334
72 83 952
45 60 81
25 43 199
48 96 82
19 94 981
31 79 168
22 75 720
27 86 643
80 85 423
25 91 348
47 81 321
0 50 755
67 70 588
30 76 403
5 35 694
12 44 320
86 99 626
17 76 612
6 73 505
29 91 296
14 21 441
36 74 225
55 84 90
31 58 648
39 68 690
11 92 260
30 59 936
3 35 710
23 63 260
40 98 896
77 86 975
7 11 932
35 70 937
32 49 691
4 74 635
20 71 105
6 69 423
5 36 981
10 46 527
37 75 978
42 73 362
6 11 647
15 16 499
41 44 678
76 78 230
40 92 262
7 8 745
18 71 996
14 98 834
38 66 151
40 84 437
70 80 277
67 96 350
22 97 400
66 98 246
74 90 893
30 54 386
34 60 865
13 35 538
60 80 833
37 71 446
16 56 282
80 91 603
26 43 90
31 57 140
35 93 260
61 92 106
45 80 919
51 99 938
1 37 982
10 17 313
3 89 914
0 14 902
11 26 483
64 88 679
16 98 490
16 31 630
14 59 689
35 54 680
6 94 933
23 66 207
13 79 404
16 91 407
37 66 257
19 69 335
18 29 490
6 64 781
25 94 166
27 90 844
5 86 650
8 35 881
22 65 369
69 82 174
45 98 189
30 42 955
0 5 728
40 56 902
0 26 747
24 88 911
12 96 348
31 53 464
82 95 92
24 52 803
65 99 962
35 73 127
36 60 231
59 63 786
44 47 64
1 29 672
25 66 201
8 18 990
26 86 436
30 74 228
35 68 622
92 99 739
15 34 817
13 24 465
1 35 699
67 80 949
78 89 142
37 59 837
40 95 968
7 87 909
25 67 324
68 81 371
30 92 993
9 71 437
29 92 496
11 79 480
39 55 777
16 97 931
48 67 732
76 88 810
62 69 986
70 97 378
8 57 249
6 99 494
66 76 282
30 57 844
51 83 506
83 90 346
11 72 999
11 88 374
15 37 711
17 63 685
22 34 758
48 83 774
6 40 451
69 88 1000
33 44 267
44 81 290
19 76 849
68 86 553
49 82 377
36 59 446
90 99 134
8 34 673
44 92 291
10 99 842
72 93 825
34 69 734
42 99 357
13 86 875
58 98 475
0 70 999
3 84 170
25 98 786
65 80 154
36 37 758
33 84 204
31 63 396
25 31 60
60 97 445
29 97 378
12 14 620
4 56 403
26 40 471
16 17 810
6 96 568
52 78 514
28 84 917
40 73 972
41 71 632
94 99 948
38 93 289
39 70 745
86 89 737
23 56 90
15 26 405
21 87 303
33 74 238
38 51 940
77 79 804
24 94 234
61 80 815
18 56 177
24 87 199
37 58 356
6 16 812
23 98 464
2 11 190
37 97 835
19 68 322
57 80 990
22 91 910
54 77 957
0 44 224
49 65 531
31 98 133
79 81 821
1 98 874
25 56 62
62 64 467
0 48 710
26 90 825
45 88 431
27 84 417
53 78 984
40 58 710
50 64 483
15 19 166
18 55 296
39 74 787
51 88 683
29 54 524
6 21 951
29 68 619
52 65 388
24 90 290
60 92 254
54 73 388
19 21 903
36 80 826
33 36 699
23 24 508
23 57 183
0 9 719
25 41 895
18 25 364
18 66 665
91 92 939
22 67 950
83 95 100
3 44 918
42 96 265
25 60 902
84 99 299
17 95 306
10 98 511
45 47 997
39 86 722
45 46 1000
72 73 195
2 87 675
36 50 324
96 97 478
63 88 429
3 17 454
80 97 612
22 85 79
50 53 554
31 73 603
32 41 916
28 92 141
19 98 960
30 96 348
41 53 364
26 39 230
30 52 825
34 56 799
16 81 965
88 89 436
55 80 209
49 92 266
20 34 141
21 93 267
14 39 778
20 47 204
1 58 541
12 80 332
55 64 712
26 63 229
30 66 306
14 65 128
53 94 255
18 73 754
63 93 546
13 27 735
2 75 531
60 79 116
26 71 801
24 91 563
9 30 486
41 93 807
4 49 621
21 26 922
43 69 777
34 94 183
24 59 215
21 82 778
56 79 463
16 99 407
55 74 657
21 59 138
55 88 862
6 52 109
14 31 521
17 47 639
17 48 657
51 85 820
20 86 797
4 43 875
9 61 738
31 32 565
12 35 614
29 45 589
33 71 493
90 93 778
42 53 809
40 63 349
23 49 593
0 2 253
62 86 64
74 95 299
18 74 65
8 84 492
8 15 132
15 20 778
28 56 993
20 88 441
75 77 108
66 72 378
71 76 937
27 77 659
85 97 416
16 52 974
25 63 780
1 55 618
0 39 119
47 66 908
1 18 136
71 89 492
23 31 863
80 93 70
19 84 231
78 83 364
8 29 483
56 86 300
46 68 649
88 90 181
20 57 838
54 86 814
36 89 231
54 56 611
0 88 327
77 95 385
23 26 653
65 96 669
60 77 98
43 56 201
82 97 207
57 95 383
49 91 593
7 24 435
47 55 331
39 58 632
66 69 647
57 75 976
11 35 567
65 76 522
6 44 833
18 39 718
7 33 319
8 42 929
10 49 697
23 85 267
7 26 488
32 73 581
91 93 501
10 80 693
75 83 442
62 73 604
1 47 160
53 64 322
39 83 903
8 14 440
78 86 161
60 81 765
11 27 887
26 95 488
35 65 626
69 81 713
71 91 700
22 99 413
58 72 318
85 86 109
5 90 266
22 43 841
59 94 185
87 97 137
35 38 92
45 73 345
30 53 644
27 89 768
27 91 975
65 72 211
59 60 499
67 72 278
45 48 654
36 40 756
98 99 946
50 57 755
10 51 374
75 88 720
52 97 191
47 97 816
36 78 200
27 31 214
69 79 955
10 35 909
3 51 686
22 53 888
34 45 639
27 95 950
61 90 967
62 71 250
34 62 701
8 64 447
30 65 473
57 91 237
55 59 90
42 56 442
54 75 970
14 48 487
51 57 228
87 91 981
19 75 600
7 89 663
53 79 387
33 46 63
13 22 771
11 71 782
58 79 464
61 64 616
52 61 666
62 82 736
26 57 459
10 97 816
34 51 716
59 78 163
34 48 434
21 74 656
24 89 733
10 95 846
7 74 362
89 98 717
10 53 400
37 68 544
20 38 933
30 43 267
11 43 391
25 52 781
6 24 82
44 74 439
10 18 193
30 81 37
8 82 591
30 68 905
57 78 933
18 57 719
55 86 686
10 67 285
52 85 443
61 85 150
27 47 994
48 89 528
13 36 463
0 12 902
32 57 996
20 61 665
20 44 696
20 48 697
16 54 281
4 87 753
45 94 158
12 39 343
20 68 672
64 65 420
32 91 532
43 71 445
34 85 837
16 83 229
25 55 917
18 54 73
2 31 555
0 75 274
5 61 623
81 86 842
0 34 391
21 57 347
6 67 253
3 59 257
73 84 227
61 81 881
3 76 830
77 84 629
19 32 822
20 63 448
27 93 509
19 51 921
80 94 537
34 80 945
46 94 730
46 51 535
8 11 260
13 59 106
48 85 168
6 13 563
7 13 526
34 71 108
4 91 536
7 27 122
38 54 878
29 39 334
48 57 427
1 94 257
54 55 819
10 68 480
17 57 138
1 53 583
14 75 307
26 93 310
37 61 907
1 31 74
15 44 87
74 76 860
33 61 330
34 40 848
35 96 245
85 89 949
29 99 474
56 95 234
14 23 716
0 57 312
42 83 931
14 24 223
9 92 361
39 65 397
44 67 633
30 50 842
26 56 883
46 81 629
44 68 422
76 85 789
16 94 491
30 34 806
13 54 332
24 32 673
41 63 887
50 81 181
9 93 137
32 69 625
29 36 85
13 97 943
46 59 838
48 74 141
18 30 591
7 32 396
26 54 570
92 96 576
42 85 964
3 83 966
70 95 844
13 31 843
65 84 781
3 96 198
8 41 340
86 98 413
57 82 345
66 97 400
6 14 877
66 96 348
6 79 823
81 97 478
21 65 507
31 67 504
53 85 387
26 74 778
45 99 674
69 75 353
32 48 206
48 65 947
13 77 749
52 94 336
8 81 799
72 89 618
59 68 990
66 74 737
35 69 163
18 99 773
88 93 843
37 77 870
23 52 587
48 58 946
69 77 648
31 71 757
66 87 327
27 74 93
15 47 328
50 59 350
51 97 454
28 75 690
65 74 347
57 77 204
35 64 902
27 37 283
33 77 636
35 83 951
2 29 102
16 29 486
76 79 358
71 93 990
79 86 144
19 99 207
9 46 149
27 54 860
18 67 334
0 72 130
7 61 221
71 81 412
26 88 776
26 49 857
50 86 650
9 76 753
68 80 628
7 72 349
57 60 960
44 71 232
36 73 916
37 92 695
89 96 984
19 30 504
55 69 406
52 77 128
48 80 212
20 89 971
11 44 574
62 63 807
16 61 623
86 97 367
57 87 421
23 50 726
31 36 854
17 20 288
19 88 691
21 97 395
25 84 746
10 22 195
8 52 970
62 74 599
71 74 144
21 30 250
28 64 101
13 15 452
9 97 744
12 75 600
4 75 237
49 57 181
51 72 550
41 64 876
20 39 686
67 79 354
30 39 673
7 57 723
30 99 725
62 78 874
1 57 449
2 37 737
32 74 400
14 15 698
1 81 917
26 99 745
42 48 639
86 88 349
69 71 440
59 69 652
37 74 623
0 64 289
2 94 421
22 29 379
51 82 388
54 88 890
8 87 452
14 22 784
9 47 821
5 22 276
74 92 255
23 94 422
5 66 128
9 39 587
37 83 578
49 51 639
46 92 699
7 29 652
32 75 671
49 77 196
43 90 937
2 9 943
9 73 741
28 76 129
18 85 679
15 75 845
8 9 560
52 63 166
12 95 95
63 86 747
34 98 842
29 31 160
39 64 822
42 79 645
20 84 386
45 56 453
65 87 142
53 86 934
10 15 260
6 83 365
3 21 426
52 88 228
26 29 159
14 35 844
66 78 115
44 66 645
33 80 527
0 97 171
84 94 444
37 76 937
28 49 397
12 52 998
61 76 595
3 57 888
18 37 632
13 89 308
6 22 481
4 15 438
69 78 667
47 87 658
43 79 137
53 54 357
24 58 905
55 66 452
14 78 202
58 81 613
4 35 456
56 91 769
64 73 53
61 62 731
26 41 649
55 75 585
40 60 538
13 95 890
15 17 935
10 39 427
11 47 80
41 67 572
31 68 172
18 82 586
70 71 561
38 96 890
25 49 40
48 66 282
27 67 257
11 49 198
28 83 153
53 55 132
28 71 891
27 62 279
37 44 737
15 63 384
4 76 759
21 36 507
3 8 473
40 48 725
15 57 678
41 87 839
54 92 816
51 56 622
3 49 353
43 65 610
11 51 903
2 4 280
24 46 919
72 96 277
4 8 153
29 86 119
18 65 561
77 96 46
23 28 227
28 95 519
39 53 622
58 67 987
28 82 845
35 79 372
63 78 354
38 62 162
19 85 624
3 37 730
70 94 424
57 59 711
36 57 927
10 24 127
67 93 266
28 72 534
46 52 110
58 77 144
47 72 354
17 18 728
30 82 467
40 87 950
13 17 216
72 91 412
18 38 486
10 84 833
41 80 217
72 88 110
2 56 535
62 67 465
3 46 949
8 79 985
66 79 406
35 66 778
34 92 354
37 87 400
15 83 887
41 92 425
46 99 426
13 90 914
15 61 426
31 41 522
17 41 411
32 58 657
19 92 914
50 51 379
19 77 308
33 38 888
16 41 907
11 98 521
62 97 946
54 71 933
59 80 318
58 70 462
18 42 983
20 64 879
51 61 786
75 80 822
63 74 172
59 61 209
66 73 863
60 61 279
12 19 964
36 58 113
27 65 471
81 88 422
44 63 55
11 31 608
33 75 281
75 98 719
57 70 102
49 69 356
24 40 630
28 45 961
32 64 558
6 46 657
20 27 905
50 95 467
70 81 305
37 62 189
44 65 144
5 56 563
76 87 846
0 20 523
7 68 315
63 92 113
86 93 466
30 87 708
68 97 957
38 67 772
2 89 89
4 33 674
25 96 733
11 33 102
47 84 729
10 55 903
31 56 207
3 82 547
63 80 349
32 33 643
50 55 675
71 92 594
47 63 418
64 92 276
33 81 953
76 82 899
11 66 916
42 44 985
0 90 694
60 98 81
52 59 927
82 89 735
20 75 341
3 11 313
32 54 207
5 76 137
5 85 713
58 64 593
5 20 739
56 94 537
75 87 226
40 72 800
39 51 745
7 80 143
45 78 918
6 26 711
12 91 746
36 91 696
0 99 607
14 81 763
2 77 166
2 68 204
68 69 450
28 51 473
56 65 460
19 96 568
7 60 850
50 87 717
4 67 412
50 56 698
36 90 555
6 90 551
36 47 252
1 77 278
48 99 663
32 76 817
3 28 774
43 85 605
28 41 70
2 98 636
1 13 521
16 38 986
8 88 879
86 87 70
0 40 648
59 99 163
33 35 436
47 86 547
8 55 126
65 81 588
27 68 593
56 80 728
6 77 370
45 52 437
24 75 440
23 93 690
29 46 458