21 190 8
14 18 7
6 10 7
13 14 8
0 7 2
2 16 3
0 5 9
15 19 4
15 16 3
3 16 9
7 17 1
6 14 9
1 16 1
0 12 10
1 2 10
2 15 5
3 10 1
10 13 4
12 17 5
10 18 10
6 18 10
4 9 2
7 16 2
18 19 2
14 17 9
1 7 3
12 16 7
5 12 2
4 19 8
1 10 2
5 17 8
1 17 4
0 4 1
3 5 9
5 16 5
11 14 5
8 17 4
9 18 7
4 14 8
5 11 9
8 9 5
16 19 2
8 18 1
3 13 6
6 7 1
1 9 10
9 10 10
6 9 4
0 6 8
1 18 10
4 17 4
2 8 6
4 7 6
0 15 5
5 15 10
0 3 4
3 18 10
7 15 10
15 18 3
3 14 3
1 4 7
11 13 3
3 15 4
5 19 1
1 14 3
4 18 9
11 15 1
14 16 7
1 19 3
1 12 10
5 9 2
3 6 3
9 13 2
9 17 6
3 19 8
8 15 7
1 13 8
2 12 9
12 15 5
10 19 5
3 4 9
4 5 10
2 5 4
4 6 2
7 18 7
0 16 6
2 6 9
12 18 3
4 8 5
10 17 1
2 7 7
7 11 4
0 1 1
8 19 3
5 14 10
0 9 7
12 13 4
11 17 6
6 15 6
17 19 4
8 10 9
2 18 7
0 14 1
2 19 3
4 11 9
6 12 7
2 14 2
3 12 8
2 3 7
5 18 4
3 9 2
2 17 4
7 9 6
4 13 2
6 17 7
13 16 5
5 7 7
5 13 10
1 3 7
6 16 4
10 15 9
0 2 7
6 11 1
7 19 2
2 4 8
3 7 10
14 19 8
6 19 7
2 13 3
9 12 4
8 12 9
8 13 9
2 10 6
3 11 6
4 12 9
0 10 8
6 8 1
10 14 3
1 8 10
8 16 8
9 19 6
10 11 7
11 19 4
4 16 5
16 17 1
5 6 9
1 5 8
9 16 9
0 11 8
17 18 10
0 13 8
0 19 1
14 15 7
0 17 5
13 19 10
9 11 4
1 15 5
11 16 3
7 10 9
7 13 10
8 14 9
13 18 9
1 11 10
15 17 6
11 12 9
11 18 3
0 8 9
3 17 6
5 8 5
0 18 1
7 8 5
7 14 9
13 17 5
16 18 10
12 14 9
7 12 3
4 15 9
6 13 2
10 12 1
13 15 9
9 15 1
9 14 7
4 10 2
8 11 9
3 8 5
5 10 6
2 11 3
10 16 7
1 6 10
2 9 10
12 19 5